<?xml version="1.0"?>
<opencv_storage>
<calibration_Time>"Wed Apr  9 10:00:34 2014"</calibration_Time>
<nrOfFrames>8</nrOfFrames>
<image_Width>3264</image_Width>
<image_Height>2448</image_Height>
<board_Width>9</board_Width>
<board_Height>6</board_Height>
<square_Size>50.</square_Size>
<FixAspectRatio>1.</FixAspectRatio>
<!-- flags:  +fix_aspectRatio +fix_principal_point +zero_tangent_dist -->
<flagValue>14</flagValue>
<Camera_Matrix type_id="opencv-matrix">
  <rows>3</rows>
  <cols>3</cols>
  <dt>d</dt>
  <data>
    3.0434775728701070e+03 0. 1.6315000000000000e+03 0.
    3.0434775728701070e+03 1.2235000000000000e+03 0. 0. 1.</data></Camera_Matrix>
<Distortion_Coefficients type_id="opencv-matrix">
  <rows>5</rows>
  <cols>1</cols>
  <dt>d</dt>
  <data>
    -4.8910584567263056e-02 3.5270568197014920e+00 0. 0.
    -1.9177111613545840e+01</data></Distortion_Coefficients>
<Avg_Reprojection_Error>1.0859029668992368e+00</Avg_Reprojection_Error>
<Per_View_Reprojection_Errors type_id="opencv-matrix">
  <rows>8</rows>
  <cols>1</cols>
  <dt>f</dt>
  <data>
    1.11867213e+00 8.61081839e-01 5.79262674e-01 9.99821007e-01
    7.49876559e-01 1.71539962e+00 1.10655808e+00 1.17304051e+00</data></Per_View_Reprojection_Errors>
<!-- a set of 6-tuples (rotation vector + translation vector) for each view -->
<Extrinsic_Parameters type_id="opencv-matrix">
  <rows>8</rows>
  <cols>6</cols>
  <dt>d</dt>
  <data>
    7.7168008552107828e-02 -4.3134528231181447e-02
    9.0713379010956934e-03 -2.2314215156284166e+02
    -2.1681105027551854e+02 1.1915526439324881e+03
    4.2804753259390482e-01 -6.0032686302631054e-02
    9.2324745148508955e-03 -2.4362484699292366e+02
    -1.3260340245947429e+01 1.1941781855122656e+03
    -2.3127521356745856e-01 -4.2427230920511518e-02
    4.7819548903546651e-02 -1.9590658346903982e+02
    -2.5188887687207540e+02 1.3350822793855507e+03
    1.6351507455671446e-01 4.2534786342539616e-01
    -2.6303220966846733e-02 -2.7817803231052909e+02
    -1.7640735781359982e+02 1.6141052941644589e+03
    1.5537220954792486e-01 -6.3937424677901478e-01
    -4.4723277581411300e-02 -2.3191069733995431e+02
    -1.6589709319313715e+02 1.4811455585175881e+03
    1.4389034676374510e-01 -1.4737519058425012e-02
    -2.4148840698201978e-03 -2.0375253944769119e+02
    -1.3277749858098232e+02 7.4948043680559374e+02
    -3.6110755402905304e-01 -3.7277258970986715e-02
    6.2438488472977852e-02 -1.6763446419527412e+02
    -1.9988327575811263e+02 8.3441112476960632e+02
    1.8095010656434671e-01 -7.2284605230557264e-01
    -5.5277478574537429e-02 -1.6137364982367731e+02
    -1.1956648974316187e+02 8.4393276140305545e+02</data></Extrinsic_Parameters>
<Image_points type_id="opencv-matrix">
  <rows>8</rows>
  <cols>54</cols>
  <dt>"2f"</dt>
  <data>
    1.05745923e+03 6.67379150e+02 1.18803467e+03 6.70540710e+02
    1.31716174e+03 6.73649902e+02 1.44639771e+03 6.76171204e+02
    1.57354565e+03 6.78295898e+02 1.69977576e+03 6.79870605e+02
    1.82654126e+03 6.81568970e+02 1.95276880e+03 6.82581543e+02
    2.07908472e+03 6.83657715e+02 1.05946582e+03 7.96871033e+02
    1.18863159e+03 7.99484741e+02 1.31744080e+03 8.01756714e+02
    1.44549109e+03 8.03932495e+02 1.57230493e+03 8.05644958e+02
    1.69763562e+03 8.06849976e+02 1.82432019e+03 8.08286133e+02
    1.94935510e+03 8.09535400e+02 2.07529810e+03 8.10068787e+02
    1.05995935e+03 9.25448792e+02 1.18896533e+03 9.27483826e+02
    1.31653809e+03 9.29388550e+02 1.44428967e+03 9.30919495e+02
    1.57026379e+03 9.32261353e+02 1.69571094e+03 9.33411804e+02
    1.82140210e+03 9.34672058e+02 1.94626489e+03 9.35458679e+02
    2.07112939e+03 9.36569153e+02 1.06085449e+03 1.05348389e+03
    1.18887732e+03 1.05497437e+03 1.31631677e+03 1.05632373e+03
    1.44314612e+03 1.05751660e+03 1.56907483e+03 1.05834827e+03
    1.69367273e+03 1.05951880e+03 1.81905261e+03 1.06036804e+03
    1.94329871e+03 1.06132874e+03 2.06824707e+03 1.06189246e+03
    1.06138586e+03 1.17934436e+03 1.18882727e+03 1.18041174e+03
    1.31556445e+03 1.18149048e+03 1.44213013e+03 1.18230408e+03
    1.56738977e+03 1.18310596e+03 1.69182251e+03 1.18371497e+03
    1.81678552e+03 1.18468127e+03 1.94114160e+03 1.18514307e+03
    2.06529126e+03 1.18633496e+03 1.06147083e+03 1.30492285e+03
    1.18857471e+03 1.30556311e+03 1.31489502e+03 1.30620959e+03
    1.44105151e+03 1.30677563e+03 1.56607617e+03 1.30739380e+03
    1.68989429e+03 1.30820605e+03 1.81470728e+03 1.30878284e+03
    1.93852173e+03 1.30947449e+03 2.06268555e+03 1.31000659e+03
    1.00961609e+03 1.19065967e+03 1.13890674e+03 1.19073669e+03
    1.26684192e+03 1.19033862e+03 1.39467114e+03 1.18957178e+03
    1.52102661e+03 1.18909155e+03 1.64593909e+03 1.18839966e+03
    1.77179639e+03 1.18779712e+03 1.89636523e+03 1.18669873e+03
    2.02073486e+03 1.18636340e+03 1.01766809e+03 1.30458044e+03
    1.14457654e+03 1.30402612e+03 1.27050391e+03 1.30336414e+03
    1.39598779e+03 1.30187683e+03 1.52018896e+03 1.30112793e+03
    1.64314392e+03 1.30104138e+03 1.76685425e+03 1.29986108e+03
    1.88913513e+03 1.29840552e+03 2.01152380e+03 1.29723389e+03
    1.02463147e+03 1.41496228e+03 1.14942517e+03 1.41432288e+03
    1.27326770e+03 1.41330908e+03 1.39683960e+03 1.41128967e+03
    1.51892810e+03 1.41135449e+03 1.63998938e+03 1.41050842e+03
    1.76162219e+03 1.40901111e+03 1.88201050e+03 1.40694226e+03
    2.00255359e+03 1.40646704e+03 1.03136853e+03 1.52300720e+03
    1.15431836e+03 1.52142932e+03 1.27618274e+03 1.52016455e+03
    1.39778564e+03 1.51803101e+03 1.51810779e+03 1.51760046e+03
    1.63720605e+03 1.51674390e+03 1.75675232e+03 1.51468164e+03
    1.87550293e+03 1.51332886e+03 1.99441016e+03 1.51286743e+03
    1.03810730e+03 1.62650464e+03 1.15874414e+03 1.62483630e+03
    1.27905786e+03 1.62309998e+03 1.39880688e+03 1.62100281e+03
    1.51729565e+03 1.62043896e+03 1.63456506e+03 1.61853857e+03
    1.75265222e+03 1.61732300e+03 1.86945264e+03 1.61609949e+03
    1.98669873e+03 1.61596851e+03 1.04394971e+03 1.72800122e+03
    1.16313782e+03 1.72571863e+03 1.28162366e+03 1.72356116e+03
    1.39971423e+03 1.72161560e+03 1.51648999e+03 1.72010400e+03
    1.63204932e+03 1.71867017e+03 1.74834875e+03 1.71723572e+03
    1.86371521e+03 1.71641504e+03 1.97917505e+03 1.71651794e+03
    1.18251648e+03 6.45963257e+02 1.29804224e+03 6.53622925e+02
    1.41231714e+03 6.61327942e+02 1.52724304e+03 6.68981689e+02
    1.64028333e+03 6.75702759e+02 1.75308521e+03 6.82330688e+02
    1.86627563e+03 6.89079407e+02 1.97904041e+03 6.95259888e+02
    2.09155298e+03 7.01130432e+02 1.17484558e+03 7.53760132e+02
    1.29075720e+03 7.61235657e+02 1.40616699e+03 7.68540894e+02
    1.52128833e+03 7.75940125e+02 1.63569299e+03 7.82496155e+02
    1.74894604e+03 7.88592041e+02 1.86339722e+03 7.94898315e+02
    1.97625342e+03 8.01905029e+02 2.09042920e+03 8.07410767e+02
    1.16617590e+03 8.63446838e+02 1.28301099e+03 8.70443237e+02
    1.39912012e+03 8.77341003e+02 1.51551147e+03 8.84608154e+02
    1.63036218e+03 8.90340881e+02 1.74485767e+03 8.96784912e+02
    1.85966382e+03 9.03391479e+02 1.97413574e+03 9.09995300e+02
    2.08831543e+03 9.15979736e+02 1.15753516e+03 9.75487671e+02
    1.27511133e+03 9.82023193e+02 1.39220825e+03 9.88801086e+02
    1.50923608e+03 9.95667969e+02 1.62551392e+03 1.00115216e+03
    1.74055542e+03 1.00738916e+03 1.85690747e+03 1.01391785e+03
    1.97172961e+03 1.02047504e+03 2.08772583e+03 1.02558337e+03
    1.14855811e+03 1.08801782e+03 1.26701379e+03 1.09443542e+03
    1.38498486e+03 1.10084216e+03 1.50314368e+03 1.10743408e+03
    1.62015417e+03 1.11282300e+03 1.73653918e+03 1.11935120e+03
    1.85351855e+03 1.12547498e+03 1.97023645e+03 1.13124939e+03
    2.08658838e+03 1.13745898e+03 1.13916455e+03 1.20308801e+03
    1.25860266e+03 1.20917542e+03 1.37762878e+03 1.21548462e+03
    1.49695959e+03 1.22165942e+03 1.61491589e+03 1.22770593e+03
    1.73249487e+03 1.23369983e+03 1.85074988e+03 1.23939612e+03
    1.96803650e+03 1.24555688e+03 2.08606030e+03 1.25090588e+03
