<?xml version="1.0"?>
<opencv_storage>
<calibration_Time>"Tue May  6 17:36:43 2014"</calibration_Time>
<nrOfFrames>10</nrOfFrames>
<image_Width>512</image_Width>
<image_Height>384</image_Height>
<board_Width>9</board_Width>
<board_Height>6</board_Height>
<square_Size>50.</square_Size>
<FixAspectRatio>1.</FixAspectRatio>
<!-- flags:  +fix_aspectRatio +fix_principal_point +zero_tangent_dist -->
<flagValue>14</flagValue>
<Camera_Matrix type_id="opencv-matrix">
  <rows>3</rows>
  <cols>3</cols>
  <dt>d</dt>
  <data>
    4.4893030212696016e+02 0. 2.5550000000000000e+02 0.
    4.4893030212696016e+02 1.9150000000000000e+02 0. 0. 1.</data></Camera_Matrix>
<Distortion_Coefficients type_id="opencv-matrix">
  <rows>5</rows>
  <cols>1</cols>
  <dt>d</dt>
  <data>
    1.8133544442861729e-01 -1.4250861267130952e+00 0. 0.
    9.4554725199190379e+00</data></Distortion_Coefficients>
<Avg_Reprojection_Error>1.6005020159637584e+00</Avg_Reprojection_Error>
<Per_View_Reprojection_Errors type_id="opencv-matrix">
  <rows>10</rows>
  <cols>1</cols>
  <dt>f</dt>
  <data>
    2.65007317e-01 2.91622519e-01 1.17652312e-01 2.81823111e+00
    4.11557102e+00 3.52187634e-01 2.71037102e-01 3.97203863e-01
    2.66122729e-01 3.74847114e-01</data></Per_View_Reprojection_Errors>
<!-- a set of 6-tuples (rotation vector + translation vector) for each view -->
<Extrinsic_Parameters type_id="opencv-matrix">
  <rows>10</rows>
  <cols>6</cols>
  <dt>d</dt>
  <data>
    6.8212554438215292e-02 -4.1493226574037534e-02
    9.2155464148038439e-03 -2.2313087824074753e+02
    -2.1698247351514615e+02 1.1255698402329067e+03
    4.2422692693716052e-01 -6.1642731789276546e-02
    9.4075336525097277e-03 -2.4351997475906418e+02
    -1.3191803990466157e+01 1.1245291329221000e+03
    -2.2932153791313845e-01 -4.2304525591791917e-02
    4.8021227846853615e-02 -1.9585941392549006e+02
    -2.5198821689085227e+02 1.2617006952508923e+03
    1.4354912908907419e-01 3.8583100138191745e-01
    -1.9426823009686473e-02 -2.8228083611127573e+02
    -1.7664767007787080e+02 1.5191297242879612e+03
    1.2242907309430953e-01 -6.4300996733352023e-01
    -5.6590644231459673e-02 -2.2943595618815399e+02
    -1.6657946010916052e+02 1.3889496745111351e+03
    1.3494006648977266e-01 -1.2485126368746505e-02
    -2.4507378976539465e-03 -2.0378839331476368e+02
    -1.3287220222562976e+02 7.0776754470578749e+02
    -3.5608439025033650e-01 -3.8391122639401788e-02
    6.1996961037009718e-02 -1.6759844831699601e+02
    -2.0012653619345465e+02 7.8906845730462067e+02
    4.2650375817615394e-01 -4.9642748414004970e-02
    1.1552239891202265e-02 -2.0211127310330369e+02
    -4.1140130671637337e+01 7.6694086726003536e+02
    1.4377383041640998e-01 4.9613152628224583e-01 5.1401306919181412e-02
    -2.3892068946338580e+02 -1.6876926520813078e+02
    9.5932571483998368e+02 1.8222477480255300e-01
    -7.2058845226887258e-01 -5.5792580804060438e-02
    -1.6124230429392512e+02 -1.1930039835265148e+02
    7.9052743046094679e+02</data></Extrinsic_Parameters>
<Image_points type_id="opencv-matrix">
  <rows>10</rows>
  <cols>54</cols>
  <dt>"2f"</dt>
  <data>
    1.65532425e+02 1.04474106e+02 1.85840775e+02 1.04673599e+02
    2.06489899e+02 1.05470184e+02 2.26537918e+02 1.05620720e+02
    2.46503525e+02 1.05968758e+02 2.66348053e+02 1.06528748e+02
    2.86259918e+02 1.06581024e+02 3.05789673e+02 1.06631592e+02
    3.25555267e+02 1.06773270e+02 1.65538712e+02 1.24550140e+02
    1.86136261e+02 1.24967743e+02 2.06482315e+02 1.25577637e+02
    2.26526001e+02 1.25633888e+02 2.46354218e+02 1.25922569e+02
    2.65769470e+02 1.26378136e+02 2.85595825e+02 1.26529709e+02
    3.05447052e+02 1.26589546e+02 3.25069000e+02 1.26640388e+02
    1.65751465e+02 1.44599701e+02 1.86207336e+02 1.45191986e+02
    2.06278366e+02 1.45527573e+02 2.26294708e+02 1.45560211e+02
    2.45871597e+02 1.45725632e+02 2.65508057e+02 1.45997650e+02
    2.85410919e+02 1.46398438e+02 3.04716034e+02 1.46532928e+02
    3.24440948e+02 1.46569244e+02 1.66054077e+02 1.64634369e+02
    1.86292648e+02 1.65240479e+02 2.06139862e+02 1.65522629e+02
    2.25868530e+02 1.65520340e+02 2.45492020e+02 1.65565750e+02
    2.65450043e+02 1.65740707e+02 2.84852509e+02 1.65932663e+02
    3.04456848e+02 1.66105957e+02 3.23900787e+02 1.66308914e+02
    1.66225327e+02 1.84475067e+02 1.86209396e+02 1.84541809e+02
    2.05884811e+02 1.84806931e+02 2.25560242e+02 1.85084991e+02
    2.45538620e+02 1.85319473e+02 2.64926727e+02 1.85442001e+02
    2.84510620e+02 1.85487167e+02 3.04026398e+02 1.85529282e+02
    3.23455597e+02 1.85577393e+02 1.66271164e+02 2.04501984e+02
    1.86133575e+02 2.04484055e+02 2.05574188e+02 2.04495941e+02
    2.25499634e+02 2.04496063e+02 2.45408890e+02 2.04549240e+02
    2.64553223e+02 2.04681778e+02 2.84320862e+02 2.04830307e+02
    3.03511841e+02 2.04939133e+02 3.23171478e+02 2.05150421e+02
    1.58030899e+02 1.86542633e+02 1.78392975e+02 1.86540329e+02
    1.98335312e+02 1.86538528e+02 2.18415970e+02 1.86493607e+02
    2.38219513e+02 1.86398346e+02 2.57712036e+02 1.86072128e+02
    2.77476562e+02 1.85639816e+02 2.97062347e+02 1.85500153e+02
    3.16533661e+02 1.85503250e+02 1.59394821e+02 2.04450485e+02
    1.79152161e+02 2.04371796e+02 1.98809845e+02 2.04103500e+02
    2.18512207e+02 2.03531708e+02 2.38093750e+02 2.03474152e+02
    2.57438904e+02 2.03497421e+02 2.76780151e+02 2.03510117e+02
    2.95710724e+02 2.03485123e+02 3.15030823e+02 2.03254807e+02
    1.60304504e+02 2.21497253e+02 1.79840958e+02 2.21526199e+02
    1.99334030e+02 2.21529877e+02 2.18649094e+02 2.20771927e+02
    2.37829956e+02 2.20899673e+02 2.56798248e+02 2.20536835e+02
    2.75745667e+02 2.20513580e+02 2.94857330e+02 2.20507858e+02
    3.13537079e+02 2.20456802e+02 1.61476776e+02 2.38521332e+02
    1.80753555e+02 2.38541885e+02 1.99718445e+02 2.38160797e+02
    2.18828430e+02 2.37451797e+02 2.37581604e+02 2.37463211e+02
    2.56500336e+02 2.37518433e+02 2.75216949e+02 2.37423859e+02
    2.93554688e+02 2.36761520e+02 3.12329620e+02 2.36633575e+02
    1.62363876e+02 2.54445679e+02 1.81463730e+02 2.54504196e+02
    2.00288055e+02 2.54479782e+02 2.19082672e+02 2.53520172e+02
    2.37566666e+02 2.53469971e+02 2.56028473e+02 2.53508530e+02
    2.74477875e+02 2.53510223e+02 2.92924561e+02 2.53242691e+02
    3.11326294e+02 2.53160767e+02 1.63460556e+02 2.70410919e+02
    1.82040115e+02 2.70536224e+02 2.00558701e+02 2.69835663e+02
    2.19210724e+02 2.69471161e+02 2.37484177e+02 2.69504120e+02
    2.55488861e+02 2.69418884e+02 2.73787262e+02 2.68805359e+02
    2.91778656e+02 2.68507843e+02 3.10042358e+02 2.68527374e+02
    1.85215530e+02 1.01037888e+02 2.03130676e+02 1.02240402e+02
    2.21353485e+02 1.03408760e+02 2.39077957e+02 1.04609612e+02
    2.56826752e+02 1.05715324e+02 2.74528442e+02 1.06680656e+02
    2.92387177e+02 1.07783333e+02 3.09969116e+02 1.08713181e+02
    3.27642914e+02 1.09674759e+02 1.84058258e+02 1.17811058e+02
    2.02127792e+02 1.19105873e+02 2.20104034e+02 1.20212326e+02
    2.38422150e+02 1.21377899e+02 2.56096619e+02 1.22463760e+02
    2.73840881e+02 1.23312744e+02 2.91839783e+02 1.24407104e+02
    3.09503815e+02 1.25426476e+02 3.27340057e+02 1.26416786e+02
    1.82512985e+02 1.35076492e+02 2.00986710e+02 1.36219315e+02
    2.19182770e+02 1.37223526e+02 2.37251266e+02 1.38480225e+02
    2.55427643e+02 1.39354568e+02 2.73218719e+02 1.40345779e+02
    2.91291290e+02 1.41335007e+02 3.09160370e+02 1.42487717e+02
    3.27110016e+02 1.43296951e+02 1.81087875e+02 1.52582855e+02
    1.99567200e+02 1.53663467e+02 2.17928024e+02 1.54705551e+02
    2.36475159e+02 1.55843597e+02 2.54533615e+02 1.56661835e+02
    2.72604248e+02 1.57679214e+02 2.90833649e+02 1.58719009e+02
    3.08846222e+02 1.59732910e+02 3.26959595e+02 1.60600983e+02
    1.79697327e+02 1.70231384e+02 1.98219849e+02 1.71321030e+02
    2.16701385e+02 1.72199432e+02 2.35365433e+02 1.73324265e+02
    2.53650177e+02 1.74142441e+02 2.71982391e+02 1.75175186e+02
    2.90309998e+02 1.76165466e+02 3.08465149e+02 1.77082184e+02
